-6 -5 -4 -3 -2 -1 0 1 2 3 4 5 6 99
0 0 0.0011 0.0136 0.0816 0.2403 0.3373 0.2332 0.0782 0.0139 0.0008 0 0 0
0 1.0000e-05 9.3000e-04 1.4640e-02 8.1140e-02 2.3766e-01 3.3252e-01 2.3538e-01 8.2600e-02 1.3950e-02 1.1300e-03 4.0000e-05 0 0
0 0 0.0026 0.0310 0.1047 0.2216 0.2734 0.2247 0.1112 0.0281 0.0027 0 0 0
1.0000e-05 7.3000e-04 6.1900e-03 3.5990e-02 1.0505e-01 2.1511e-01 2.5917e-01 2.1279e-01 1.0777e-01 3.5300e-02 5.5600e-03 5.5000e-04 1.0000e-05 1.5770e-02
2.000e-04 5.000e-04 1.920e-02 4.460e-02 8.540e-02 9.510e-02 1.020e-01 1.042e-01 9.260e-02 4.860e-02 2.100e-02 5.000e-04 1.000e-04 3.860e-01
2.0000e-05 5.8000e-04 2.3180e-02 4.3290e-02 7.2000e-02 5.2020e-02 4.9590e-02 5.1810e-02 7.2150e-02 4.4700e-02 2.2760e-02 6.9000e-04 6.0000e-05 5.6715e-01
0 4.000e-04 1.220e-02 2.230e-02 3.330e-02 2.150e-02 1.780e-02 2.100e-02 2.930e-02 2.600e-02 1.320e-02 8.000e-04 0 8.022e-01
0 6.4000e-04 8.2800e-03 1.3690e-02 1.1480e-02 8.1700e-03 8.3900e-03 8.5500e-03 1.0850e-02 1.4870e-02 8.8600e-03 6.1000e-04 3.0000e-05 9.0558e-01
0 3.000e-04 2.700e-03 5.100e-03 1.900e-03 2.800e-03 2.200e-03 2.700e-03 2.800e-03 4.300e-03 2.500e-03 5.000e-04 0 9.722e-01
0 2.8000e-04 1.7600e-03 2.1300e-03 1.2200e-03 9.8000e-04 1.0100e-03 1.0700e-03 1.0400e-03 2.0000e-03 1.5000e-03 2.9000e-04 0 9.8672e-01