-6 -5 -4 -3 -2 -1 0 1 2 3 4 5 6 99
0 1.0000e-05 9.5000e-04 1.3070e-02 8.1970e-02 2.3765e-01 3.3474e-01 2.3635e-01 8.1490e-02 1.2830e-02 9.2000e-04 2.0000e-05 0 0
0 1.0000e-05 9.3000e-04 1.4640e-02 8.1140e-02 2.3766e-01 3.3252e-01 2.3538e-01 8.2600e-02 1.3950e-02 1.1300e-03 4.0000e-05 0 0
0 0 2.2000e-03 2.7940e-02 1.0831e-01 2.2255e-01 2.7842e-01 2.2171e-01 1.0824e-01 2.8620e-02 1.9700e-03 4.0000e-05 0 1e-12
1.0000e-05 7.3000e-04 6.1900e-03 3.5990e-02 1.0505e-01 2.1511e-01 2.5917e-01 2.1279e-01 1.0777e-01 3.5300e-02 5.5600e-03 5.5000e-04 1.0000e-05 1.5770e-02
1.0000e-04 5.7000e-04 1.7880e-02 4.5650e-02 9.2480e-02 9.9600e-02 9.8160e-02 9.9910e-02 9.1590e-02 4.5760e-02 1.8770e-02 5.2000e-04 5.0000e-05 3.8896e-01
2.0000e-05 5.8000e-04 2.3180e-02 4.3290e-02 7.2000e-02 5.2020e-02 4.9590e-02 5.1810e-02 7.2150e-02 4.4700e-02 2.2760e-02 6.9000e-04 6.0000e-05 5.6715e-01
1.000e-05 6.600e-04 1.168e-02 2.388e-02 3.106e-02 2.124e-02 1.919e-02 2.095e-02 3.073e-02 2.348e-02 1.159e-02 6.100e-04 2.000e-05 8.049e-01
0 6.4000e-04 8.2800e-03 1.3690e-02 1.1480e-02 8.1700e-03 8.3900e-03 8.5500e-03 1.0850e-02 1.4870e-02 8.8600e-03 6.1000e-04 3.0000e-05 9.0558e-01
0 3.4000e-04 3.0900e-03 4.4300e-03 2.5500e-03 2.5100e-03 2.1800e-03 2.5500e-03 2.4300e-03 4.1700e-03 3.0400e-03 5.1000e-04 1.0000e-05 9.7219e-01
0 2.8000e-04 1.7600e-03 2.1300e-03 1.2200e-03 9.8000e-04 1.0100e-03 1.0700e-03 1.0400e-03 2.0000e-03 1.5000e-03 2.9000e-04 0 9.8672e-01